------
Drone: 1
id=0, command=command, response=ok, start_time=2023-06-12 16:24:11.751877, end_time=2023-06-12 16:24:11.782101, duration=0.030224
id=1, command=battery?, response=42
, start_time=2023-06-12 16:24:17.822646, end_time=2023-06-12 16:24:17.861175, duration=0.038529
id=2, command=sn?, response=0TQZL3PED03A1T, start_time=2023-06-12 16:24:18.863988, end_time=2023-06-12 16:24:18.874051, duration=0.010063
------
Drone: 2
id=0, command=command, response=ok, start_time=2023-06-12 16:24:11.751877, end_time=2023-06-12 16:24:11.792099, duration=0.040222
id=1, command=battery?, response=29
, start_time=2023-06-12 16:24:17.811646, end_time=2023-06-12 16:24:17.868175, duration=0.056529
id=2, command=sn?, response=0TQZL3PED03AG8, start_time=2023-06-12 16:24:18.846785, end_time=2023-06-12 16:24:18.886985, duration=0.0402
